                                                       
           variable buttery grassy painty potato rancid
 treatment  subject buttery grassy painty potato rancid
         1        3   0.372 0.1889   3.11   6.22   2.11
                 10   6.750 0.5850   1.37   9.95   4.02
                  .   3.729 0.3974   2.20   8.18   3.11
         2        3   0.589 0.1056   2.48   6.74   3.14
                 10   6.980 0.4750   0.82  10.00   2.15
                  .   3.953 0.3000   1.61   8.45   2.62
         3        3   0.767 0.0944   2.87   5.29   2.86
                 10   6.450 0.1450   0.69  10.03   3.11
                  .   3.758 0.1211   1.72   7.79   2.99
