                                       
    time  1  2  3  4  5  6  7  8  9  10
 subject X1 X2 X3 X4 X5 X6 X7 X8 X9 X10
       3 30 30 30 30 30 30 30 30 30  NA
      10 30 30 30 30 30 30 30 30 30  30
      15 30 30 30 30 25 30 30 30 30  30
      16 30 30 30 30 30 30 30 29 30  30
      19 30 30 30 30 30 30 30 30 30  30
      31 30 30 30 30 30 30 30 30 NA  30
      51 30 30 30 30 30 30 30 30 30  30
      52 30 30 30 30 30 30 30 30 30  30
      63 30 30 30 30 30 30 30 30 30  30
      78 30 30 30 30 30 30 30 30 30  30
      79 30 30 30 30 30 30 29 28 30  NA
      86 30 30 30 30 30 30 30 30 NA  30
